a 

 Z-SCORE NORMALIZED DATA IS [[-0.57722602 -0.33680419 -0.38113037 ... -0.40584194  0.47681587
  -1.49786555]
 [-0.51096889 -0.57002666 -0.64859479 ... -0.49009359 -0.81541816
   0.15312459]
 [ 2.56827756  6.20585836  2.61578306 ... -2.18302986  1.88922413
   0.84263513]
 ...
 [ 0.52392318  1.38177927  1.31887687 ... -0.4665087   0.10163583
   0.83900338]
 [ 1.58775746  2.98278123  2.47337518 ... -3.07720555  2.18525981
   2.87032093]
 [ 3.16145936  1.67999288  0.81314905 ...  1.49930076  0.96101431
   1.05044239]]



 b 

 Calculated Covariance is : [[ 1.          0.77051204  0.70245376 -0.63099908 -0.59814513 -0.36855649
  -0.11974713  0.01338923 -0.00877749  0.41846607]
 [ 0.77051204  1.          0.71751686 -0.60977867 -0.58114073 -0.26696092
  -0.17623422  0.03974361  0.06606138  0.33681611]
 [ 0.70245376  0.71751686  1.         -0.8508498  -0.80883501 -0.15986295
   0.09515719  0.01545474 -0.18667516  0.43704076]
 [-0.63099908 -0.60977867 -0.8508498   1.          0.97641185  0.11227223
  -0.12189934 -0.01129407  0.2352719  -0.3283323 ]
 [-0.59814513 -0.58114073 -0.80883501  0.97641185  1.          0.10015922
  -0.11876891 -0.0109656   0.22979854 -0.30462468]
 [-0.36855649 -0.26696092 -0.15986295  0.11227223  0.10015922  1.
   0.27404482  0.00255284 -0.05568862 -0.20672963]
 [-0.11974713 -0.17623422  0.09515719 -0.12189934 -0.11876891  0.27404482
   1.         -0.01719669 -0.18627459  0.03702517]
 [ 0.01338923  0.03974361  0.01545474 -0.01129407 -0.0109656   0.00255284
  -0.01719669  1.          0.00465913  0.01142661]
 [-0.00877749  0.06606138 -0.18667516  0.2352719   0.22979854 -0.05568862
  -0.18627459  0.00465913  1.         -0.22055558]
 [ 0.41846607  0.33681611  0.43704076 -0.3283323  -0.30462468 -0.20672963
   0.03702517  0.01142661 -0.22055558  1.        ]] 
 Covariance with Function is : [[ 1.          0.77051204  0.70245376 -0.63099908 -0.59814513 -0.36855649
  -0.11974713  0.01338923 -0.00877749  0.41846607]
 [ 0.77051204  1.          0.71751686 -0.60977867 -0.58114073 -0.26696092
  -0.17623422  0.03974361  0.06606138  0.33681611]
 [ 0.70245376  0.71751686  1.         -0.8508498  -0.80883501 -0.15986295
   0.09515719  0.01545474 -0.18667516  0.43704076]
 [-0.63099908 -0.60977867 -0.8508498   1.          0.97641185  0.11227223
  -0.12189934 -0.01129407  0.2352719  -0.3283323 ]
 [-0.59814513 -0.58114073 -0.80883501  0.97641185  1.          0.10015922
  -0.11876891 -0.0109656   0.22979854 -0.30462468]
 [-0.36855649 -0.26696092 -0.15986295  0.11227223  0.10015922  1.
   0.27404482  0.00255284 -0.05568862 -0.20672963]
 [-0.11974713 -0.17623422  0.09515719 -0.12189934 -0.11876891  0.27404482
   1.         -0.01719669 -0.18627459  0.03702517]
 [ 0.01338923  0.03974361  0.01545474 -0.01129407 -0.0109656   0.00255284
  -0.01719669  1.          0.00465913  0.01142661]
 [-0.00877749  0.06606138 -0.18667516  0.2352719   0.22979854 -0.05568862
  -0.18627459  0.00465913  1.         -0.22055558]
 [ 0.41846607  0.33681611  0.43704076 -0.3283323  -0.30462468 -0.20672963
   0.03702517  0.01142661 -0.22055558  1.        ]]



 c 

 Calculated Dominant Eigen value is : [[4.22399121]] 

 Calculated Eigen vector is : [[ 0.40827682]
 [ 0.3950571 ]
 [ 0.44892191]
 [-0.44161242]
 [-0.42923775]
 [-0.14468808]
 [ 0.00519824]
 [ 0.0123516 ]
 [-0.09717488]
 [ 0.2566813 ]] 

 Eigen Values Calculated with function : [4.2239909  1.5751879  0.02024291 0.15475338 0.22036243 0.4075386
 0.74201939 0.65008647 0.9940127  1.01180532] 

 Eigen vectors Calculated with function is : [[-4.08276775e-01 -3.95057049e-01 -4.48921929e-01  4.41612458e-01
   4.29237789e-01  1.44687983e-01 -5.19836359e-03 -1.23515912e-02
   9.71749700e-02 -2.56681301e-01]
 [ 2.25698741e-01  2.45281583e-01 -9.33105148e-02  1.88375795e-01
   1.95951819e-01 -4.86902882e-01 -5.99590556e-01  3.14772268e-02
   4.56703506e-01 -1.24682373e-02]
 [ 1.79955894e-02 -1.17981303e-02  1.07611883e-01  7.48911506e-01
  -6.53467431e-01 -1.01361748e-04  2.71596438e-03 -8.71296824e-06
  -5.78335826e-03 -5.26146252e-03]
 [-9.04660487e-02  4.27867208e-01 -8.15749467e-01 -1.48746906e-01
  -3.15173270e-01 -6.97106831e-03  9.11194260e-02 -9.22610587e-03
  -3.93710146e-02  1.08866787e-01]
 [ 7.53225050e-01 -5.39478658e-01 -3.21598696e-01 -7.19134376e-02
  -1.05167458e-01  1.39311777e-01 -3.57336827e-02  1.72572649e-02
   2.65508688e-02 -1.64290736e-02]
 [-4.37462245e-01 -4.95341859e-01 -1.07193101e-03 -3.30736734e-01
  -3.89073611e-01 -1.13592072e-01 -2.33844650e-01  1.43239128e-02
   3.64958044e-01  3.18607890e-01]
 [-1.19474438e-01 -5.78974762e-02 -1.59226791e-02 -1.80669622e-01
  -2.05565490e-01  2.27372884e-02 -5.98664166e-01 -8.11764733e-03
  -5.25793320e-01 -5.21326430e-01]
 [-1.49895160e-02 -1.68904043e-01 -2.76416862e-02 -1.04311902e-01
  -1.15773238e-01 -7.21816382e-01  4.59923140e-01  5.67924976e-02
   3.00595105e-03 -4.58710859e-01]
 [ 2.53364917e-02  9.46212428e-02  5.74952569e-02 -1.08617795e-01
  -1.16313517e-01  2.13916540e-01  5.35141492e-02 -7.94685553e-01
   3.86270303e-01 -3.63893657e-01]
 [-5.00639811e-04 -1.52717635e-01 -7.06014805e-02  1.28919623e-01
   1.39197755e-01 -3.77273475e-01 -5.83262999e-02 -6.02869888e-01
  -4.69918810e-01  4.53523095e-01]]



 d 

 The variance of the datapoints in the projected subspace is : 5.7991788010770815



 e 

 U*A*U(T) : [[-4.08276775e-01 -3.95057049e-01 -4.48921929e-01  4.41612458e-01
   4.29237789e-01  1.44687983e-01 -5.19836359e-03 -1.23515912e-02
   9.71749700e-02 -2.56681301e-01]
 [ 2.25698741e-01  2.45281583e-01 -9.33105148e-02  1.88375795e-01
   1.95951819e-01 -4.86902882e-01 -5.99590556e-01  3.14772268e-02
   4.56703506e-01 -1.24682373e-02]
 [ 1.79955894e-02 -1.17981303e-02  1.07611883e-01  7.48911506e-01
  -6.53467431e-01 -1.01361748e-04  2.71596438e-03 -8.71296824e-06
  -5.78335826e-03 -5.26146252e-03]
 [-9.04660487e-02  4.27867208e-01 -8.15749467e-01 -1.48746906e-01
  -3.15173270e-01 -6.97106831e-03  9.11194260e-02 -9.22610587e-03
  -3.93710146e-02  1.08866787e-01]
 [ 7.53225050e-01 -5.39478658e-01 -3.21598696e-01 -7.19134376e-02
  -1.05167458e-01  1.39311777e-01 -3.57336827e-02  1.72572649e-02
   2.65508688e-02 -1.64290736e-02]
 [-4.37462245e-01 -4.95341859e-01 -1.07193101e-03 -3.30736734e-01
  -3.89073611e-01 -1.13592072e-01 -2.33844650e-01  1.43239128e-02
   3.64958044e-01  3.18607890e-01]
 [-1.19474438e-01 -5.78974762e-02 -1.59226791e-02 -1.80669622e-01
  -2.05565490e-01  2.27372884e-02 -5.98664166e-01 -8.11764733e-03
  -5.25793320e-01 -5.21326430e-01]
 [-1.49895160e-02 -1.68904043e-01 -2.76416862e-02 -1.04311902e-01
  -1.15773238e-01 -7.21816382e-01  4.59923140e-01  5.67924976e-02
   3.00595105e-03 -4.58710859e-01]
 [ 2.53364917e-02  9.46212428e-02  5.74952569e-02 -1.08617795e-01
  -1.16313517e-01  2.13916540e-01  5.35141492e-02 -7.94685553e-01
   3.86270303e-01 -3.63893657e-01]
 [-5.00639811e-04 -1.52717635e-01 -7.06014805e-02  1.28919623e-01
   1.39197755e-01 -3.77273475e-01 -5.83262999e-02 -6.02869888e-01
  -4.69918810e-01  4.53523095e-01]] [[4.2239909  0.         0.         0.         0.         0.
  0.         0.         0.         0.        ]
 [0.         1.5751879  0.         0.         0.         0.
  0.         0.         0.         0.        ]
 [0.         0.         0.02024291 0.         0.         0.
  0.         0.         0.         0.        ]
 [0.         0.         0.         0.15475338 0.         0.
  0.         0.         0.         0.        ]
 [0.         0.         0.         0.         0.22036243 0.
  0.         0.         0.         0.        ]
 [0.         0.         0.         0.         0.         0.4075386
  0.         0.         0.         0.        ]
 [0.         0.         0.         0.         0.         0.
  0.74201939 0.         0.         0.        ]
 [0.         0.         0.         0.         0.         0.
  0.         0.65008647 0.         0.        ]
 [0.         0.         0.         0.         0.         0.
  0.         0.         0.9940127  0.        ]
 [0.         0.         0.         0.         0.         0.
  0.         0.         0.         1.01180532]] [[-4.08276775e-01  2.25698741e-01  1.79955894e-02 -9.04660487e-02
   7.53225050e-01 -4.37462245e-01 -1.19474438e-01 -1.49895160e-02
   2.53364917e-02 -5.00639811e-04]
 [-3.95057049e-01  2.45281583e-01 -1.17981303e-02  4.27867208e-01
  -5.39478658e-01 -4.95341859e-01 -5.78974762e-02 -1.68904043e-01
   9.46212428e-02 -1.52717635e-01]
 [-4.48921929e-01 -9.33105148e-02  1.07611883e-01 -8.15749467e-01
  -3.21598696e-01 -1.07193101e-03 -1.59226791e-02 -2.76416862e-02
   5.74952569e-02 -7.06014805e-02]
 [ 4.41612458e-01  1.88375795e-01  7.48911506e-01 -1.48746906e-01
  -7.19134376e-02 -3.30736734e-01 -1.80669622e-01 -1.04311902e-01
  -1.08617795e-01  1.28919623e-01]
 [ 4.29237789e-01  1.95951819e-01 -6.53467431e-01 -3.15173270e-01
  -1.05167458e-01 -3.89073611e-01 -2.05565490e-01 -1.15773238e-01
  -1.16313517e-01  1.39197755e-01]
 [ 1.44687983e-01 -4.86902882e-01 -1.01361748e-04 -6.97106831e-03
   1.39311777e-01 -1.13592072e-01  2.27372884e-02 -7.21816382e-01
   2.13916540e-01 -3.77273475e-01]
 [-5.19836359e-03 -5.99590556e-01  2.71596438e-03  9.11194260e-02
  -3.57336827e-02 -2.33844650e-01 -5.98664166e-01  4.59923140e-01
   5.35141492e-02 -5.83262999e-02]
 [-1.23515912e-02  3.14772268e-02 -8.71296824e-06 -9.22610587e-03
   1.72572649e-02  1.43239128e-02 -8.11764733e-03  5.67924976e-02
  -7.94685553e-01 -6.02869888e-01]
 [ 9.71749700e-02  4.56703506e-01 -5.78335826e-03 -3.93710146e-02
   2.65508688e-02  3.64958044e-01 -5.25793320e-01  3.00595105e-03
   3.86270303e-01 -4.69918810e-01]
 [-2.56681301e-01 -1.24682373e-02 -5.26146252e-03  1.08866787e-01
  -1.64290736e-02  3.18607890e-01 -5.21326430e-01 -4.58710859e-01
  -3.63893657e-01  4.53523095e-01]]



 f 

 co-ordinate of the first 10 data points [[ 1.01654976 -0.36925645 -0.80995074 -1.12162721  0.52498314 -0.46510731
  -0.03388353]
 [ 1.67996111 -0.54922547  0.98161468  0.22118145 -0.13761196  0.48799867
   0.71280668]
 [-5.96624169  1.8313162  -1.49720548 -3.72895739 -0.48762911  3.41897421
   1.84986395]
 [ 2.55706027 -0.03162913  0.44138683 -0.03143789  0.67608057  0.25175859
   0.9603356 ]
 [-1.65585251 -0.55290202  0.55551247  1.77161148 -0.87096642  0.80381284
  -0.06940903]
 [-0.80452283 -1.57572136 -0.16764975  0.53153486  0.10124447  0.45857728
  -0.1824198 ]
 [-0.74806576 -1.19404497 -0.0084875   0.64048741  0.2273275  -0.13446004
  -0.27858938]
 [ 0.64600539 -1.02760041  0.75535631  0.47465107  0.19880914  0.52707914
  -0.11000122]
 [-3.63809698 -2.49323102 -2.15451949  1.07040856 -0.3848824   0.90627546
   0.55716894]
 [ 0.56596174 -1.13679926 -0.18709999 -0.53788967  0.79383922 -0.61664008
   0.46480103]] 


 g 

 Variance from data is : 9.604641277555679 
 Calculated Variance of the projected data points : 9.604641277555684
